6 6

2 2 2 0 0 0
0.08 -0.12 0.68
-0.12 -0.32 0.48
0.68 0.48 1.28
-0.12 -0.32 0.48
-0.32 -0.52 0.28
0.48 0.28 1.08
0.68 0.48 1.28
0.48 0.28 1.08
1.28 1.08 1.88
0 0 0 2 2 2
0.68 -0.12 0.08
0.48 -0.32 -0.12
1.28 0.48 0.68
0.48 -0.32 -0.12
0.28 -0.52 -0.32
1.08 0.28 0.48
1.28 0.48 0.68
1.08 0.28 0.48
1.88 1.08 1.28
1 0 1 1 0 1
0 -0.2
0.2 0
0.2 0
-0.6 -0.8
-0.2 0.6
0 0.8
0 0.8
-0.8 0
0 1 1 0 1 1
0 -0.2
0.2 0
0.2 0
-0.6 -0.8
-0.2 0.6
0 0.8
0 0.8
-0.8 0
1 0 1 1 0 1
0 0.2
-0.8 -0.6
-0.2 0
0 0.2
0.8 0
0 -0.8
0.6 -0.2
0.8 0
0 1 1 0 1 1
0 0.2
-0.8 -0.6
-0.2 0
0 0.2
0.8 0
0 -0.8
0.6 -0.2
0.8 0

